0.000000
-0.091045
-0.181250
-0.269836
-0.355998
-0.438948
-0.517928
-0.592237
-0.661203
-0.724161
-0.780557
-0.829879
-0.871664
-0.905562
-0.931245
-0.948510
-0.957211
-0.957247
-0.948613
-0.931367
-0.905699
-0.871814
-0.829998
-0.780705
-0.724370
-0.661461
-0.592553
-0.518274
-0.439297
-0.356333
-0.270151
-0.181529
-0.091286
-0.000205
0.090900
0.181205
0.269841
0.355995
0.438953
0.517946
0.592256
0.661204
0.724138
0.780507
0.829841
0.871651
0.905555
0.931275
0.948541
0.957222
0.957255
0.948599
0.931346
0.905679
0.871794
0.830025
0.780749
0.724368
0.661435
0.592538
0.518272
0.439306
0.356351
0.270141
0.181523
0.091289
0.000205
-0.090903
-0.181199
-0.269832
-0.356013
-0.438962
-0.517944
-0.592241
-0.661178
-0.724136
-0.780551
-0.829869
-0.871630
-0.905536
-0.931254
-0.948527
-0.957231
-0.957267
-0.948630
-0.931376
-0.905672
-0.871781
-0.829988
-0.780699
-0.724346
-0.661436
-0.592556
-0.518290
-0.439312
-0.356348
-0.270147
-0.181478
-0.091144
0.000000
